p=386
452
446
446
446
444
444
444
444
443
443
443
442
442
442
440
439
439
439
438
438
438
438
437
437
436
436
435
435
435
434
434
434
434
433
433
433
433
431
431
431
431
430
430
429
429
428
428
428
427
426
426
426
425
425
425
425
424
424
423
423
423
422
421
421
420
420
420
420
420
420
419
419
418
417
417
416
415
413
413
413
412
411
411
411
408
408
407
407
406
405
405
404
404
404
404
403
403
402
402
401
401
400
400
399
398
398
397
397
397
397
397
395
395
395
394
392
392
392
391
391
391
390
390
390
389
389
388
388
387
387
387
