p=40389
48734
45679
45312
45281
45251
45184
45106
45101
45101
45094
45082
45079
45074
45068
45054
45051
45050
45047
45046
45038
45037
45036
45035
45035
45035
45034
45034
45034
45033
45032
45031
45031
45031
45030
45029
45029
45027
45027
45027
45026
45026
45026
45025
45025
45024
45023
45021
45021
45021
45020
45019
45017
45016
45015
45014
45014
45012
45010
45009
45008
45008
45008
45007
45007
45007
45006
45005
45003
45003
45002
45002
45001
45001
45001
45000
45000
45000
44999
44999
44999
44998
44998
44996
44995
44995
44994
44993
44992
44991
44991
44989
44989
44987
44987
44987
44986
44986
44985
44983
44983
44983
44983
44982
44982
44980
44980
44980
44980
44979
44977
44976
44975
44974
44974
44972
44970
44969
44968
44967
44967
44966
44966
44966
44966
44965
44964
44964
44962
44962
44961
44961
44959
44958
44957
44957
44956
44954
44954
44954
44954
44953
44953
44953
44952
44952
44952
44951
44951
44951
44950
44949
44949
44947
44947
44947
44945
44943
44943
44943
44942
44942
44941
44940
44940
44940
44939
44938
44937
44937
44936
44936
44934
44934
44934
44931
44930
44928
44928
44926
44926
44926
44924
44923
44922
44922
44921
44919
44918
44917
44917
44916
44916
44915
44915
44914
44914
44914
44913
44913
44911
44911
44911
44911
44910
44910
44909
44909
44909
44909
44908
44906
44906
44906
44906
44905
44905
44904
44903
44903
44903
44903
44902
44902
44901
44900
44899
44898
44898
44898
44897
44896
44895
44895
44894
44893
44892
44892
44892
44892
44891
44891
44890
44890
44890
44890
44889
44889
44889
44887
44887
44885
44884
44884
44883
44883
44883
44882
44882
44881
44881
44881
44879
44878
44878
44877
44871
44871
44869
44869
44868
44868
44868
44867
44867
44866
44865
44864
44864
44864
44864
44864
44863
44862
44862
44862
44862
44861
44861
44861
44861
44859
44859
44859
44858
44857
44857
44856
44856
44855
44854
44854
44854
44854
44853
44852
44851
44851
44851
44851
44850
44850
44850
44850
44848
44848
44847
44847
44847
44845
44844
44844
44843
44842
44842
44840
44840
44839
44838
44838
44838
44838
44838
44837
44836
44835
44835
44833
44832
44832
44831
44831
44831
44830
44830
44829
44827
44827
44826
44826
44826
44824
44823
44823
44822
44822
44821
44819
44819
44819
44819
44818
44817
44817
44817
44816
44816
44816
44816
44815
44813
44813
44813
44812
44812
44811
44811
44811
44809
44808
44808
44806
44803
44802
44802
44802
44801
44801
44800
44800
44800
44800
44799
44798
44798
44797
44797
44797
44796
44796
44795
44794
44794
44792
44792
44790
44790
44789
44789
44788
44788
44787
44787
44787
44787
44786
44785
44784
44783
44783
44783
44782
44782
44782
44781
44781
44780
44780
44779
44779
44778
44778
44778
44777
44777
44777
44776
44776
44776
44775
44774
44773
44773
44772
44772
44772
44771
44771
44770
44770
44768
44768
44767
44766
44765
44765
44764
44763
44762
44761
44761
44760
44760
44760
44759
44759
44759
44758
44758
44758
44757
44757
44757
44756
44756
44755
44754
44754
44753
44753
44753
44753
44752
44752
44752
44751
44750
44750
44750
44749
44748
44747
44747
44747
44746
44746
44745
44745
44744
44744
44743
44743
44742
44741
44741
44740
44740
44740
44740
44739
44739
44738
44738
44738
44737
44736
44736
44736
44736
44735
44735
44735
44734
44734
44733
44731
44731
44730
44730
44730
44729
44729
44729
44729
44728
44728
44728
44726
44726
44726
44726
44726
44726
44726
44726
44725
44724
44724
44722
44722
44722
44721
44721
44720
44720
44720
44720
44719
44718
44717
44717
44717
44716
44714
44714
44714
44714
44712
44711
44711
44710
44709
44709
44708
44706
44705
44704
44704
44703
44703
44701
44700
44700
44699
44698
44698
44697
44696
44696
44695
44694
44693
44693
44692
44690
44690
44690
44690
44689
44688
44687
44687
44686
44686
44686
44685
44685
44683
44683
44682
44681
44681
44680
44680
44680
44680
44679
44679
44678
44678
44677
44676
44676
44674
44674
44673
44671
44670
44670
44670
44670
44669
44669
44669
44668
44668
44668
44667
44667
44666
44666
44665
44664
44663
44663
44662
44662
44661
44660
44660
44660
44660
44659
44659
44657
44657
44657
44657
44656
44656
44655
44655
44655
44654
44654
44654
44653
44653
44652
44652
44652
44651
44651
44651
44650
44650
44649
44648
44647
44646
44646
44645
44644
44643
44643
44643
44642
44642
44642
44641
44641
44640
44640
44639
44639
44639
44638
44637
44637
44637
44636
44636
44636
44636
44636
44635
44634
44634
44633
44633
44632
44632
44632
44632
44631
44631
44631
44631
44631
44631
44630
44630
44630
44629
44629
44629
44629
44629
44629
44628
44627
44627
44627
44625
44624
44624
44624
44624
44624
44623
44622
44622
44622
44621
44621
44621
44620
44619
44619
44618
44617
44617
44616
44614
44614
44614
44613
44613
44613
44612
44612
44612
44611
44611
44610
44609
44609
44609
44609
44608
44608
44608
44608
44608
44607
44605
44605
44605
44604
44604
44604
44603
44602
44600
44600
44599
44599
44598
44598
44598
44597
44597
44597
44596
44596
44596
44596
44595
44594
44593
44593
44592
44590
44590
44590
44589
44587
44587
44585
44585
44585
44584
44582
44582
44581
44581
44580
44580
44579
44579
44579
44578
44577
44577
44576
44576
44574
44574
44573
44573
44573
44573
44573
44573
44571
44569
44569
44569
44569
44568
44567
44567
44567
44567
44567
44567
44566
44566
44566
44565
44565
44565
44565
44565
44563
44563
44563
44563
44563
44561
44561
44560
44560
44559
44559
44559
44558
44558
44558
44558
44556
44556
44555
44554
44553
44552
44552
44552
44551
44550
44549
44548
44548
44547
44547
44547
44546
44545
44545
44544
44544
44543
44542
44542
44540
44540
44539
44539
44539
44538
44536
44536
44535
44534
44534
44533
44531
44530
44530
44528
44528
44528
44527
44527
44527
44527
44526
44526
44525
44524
44524
44523
44523
44522
44521
44521
44521
44521
44521
44519
44519
44519
44519
44518
44518
44518
44517
44517
44517
44516
44516
44515
44515
44515
44515
44515
44515
44514
44514
44514
44514
44513
44513
44513
44512
44512
44512
44511
44511
44510
44510
44509
44508
44508
44507
44507
44507
44507
44506
44506
44506
44506
44505
44504
44504
44504
44503
44502
44502
44501
44501
44500
44499
44498
44497
44497
44496
44495
44494
44494
44493
44493
44491
44491
44491
44491
44488
44488
44488
44488
44487
44487
44487
44487
44487
44486
44485
44484
44481
44481
44480
44480
44480
44480
44480
44479
44479
44478
44478
44478
44478
44477
44477
44476
44476
44475
44475
44475
44475
44474
44474
44473
44473
44472
44471
44470
44468
44468
44468
44466
44466
44465
44465
44464
44464
44464
44463
44462
44462
44462
44462
44462
44461
44460
44459
44458
44458
44457
44457
44457
44457
44456
44456
44456
44455
44454
44454
44453
44452
44452
44451
44450
44449
44449
44448
44446
44446
44445
44444
44443
44442
44440
44440
44440
44440
44440
44439
44439
44439
44438
44438
44438
44437
44436
44436
44435
44434
44434
44434
44434
44432
44432
44431
44431
44430
44429
44429
44429
44428
44427
44427
44427
44427
44426
44425
44423
44423
44423
44423
44423
44423
44422
44422
44421
44421
44421
44420
44420
44420
44419
44419
44418
44417
44417
44417
44417
44416
44416
44416
44416
44416
44416
44415
44414
44414
44414
44413
44412
44412
44411
44411
44410
44410
44409
44409
44409
44408
44406
44406
44404
44404
44404
44404
44404
44403
44403
44402
44402
44402
44401
44401
44401
44400
44400
44399
44399
44398
44397
44397
44397
44396
44396
44394
44394
44394
44392
44392
44392
44392
44392
44392
44392
44390
44390
44390
44389
44389
44388
44388
44388
44387
44386
44386
44385
44383
44383
44382
44382
44382
44382
44382
44381
44381
44381
44381
44381
44379
44378
44378
44377
44377
44377
44376
44375
44374
44374
44373
44373
44373
44372
44372
44372
44371
44371
44370
44369
44369
44368
44368
44367
44366
44366
44365
44365
44365
44363
44363
44363
44362
44360
44360
44360
44360
44359
44359
44358
44358
44358
44358
44358
44358
44357
44357
44356
44356
44356
44356
44355
44354
44353
44352
44352
44350
44350
44350
44350
44348
44348
44348
44348
44347
44346
44346
44346
44346
44345
44345
44345
44344
44343
44340
44338
44338
44337
44337
44337
44336
44335
44334
44334
44334
44334
44333
44333
44332
44332
44331
44331
44331
44330
44330
44329
44329
44328
44328
44328
44326
44325
44324
44324
44323
44323
44323
44323
44322
44322
44321
44320
44319
44319
44319
44319
44318
44318
44318
44317
44317
44317
44317
44316
44316
44315
44315
44315
44315
44314
44312
44311
44311
44311
44311
44310
44310
44309
44309
44309
44308
44308
44308
44307
44307
44307
44307
44306
44306
44305
44303
44303
44303
44302
44302
44300
44299
44298
44298
44297
44297
44297
44297
44296
44296
44295
44295
44294
44293
44293
44292
44292
44291
44291
44291
44291
44290
44290
44290
44290
44290
44290
44289
44289
44289
44288
44288
44288
44287
44286
44286
44286
44286
44286
44285
44285
44284
44283
44283
44281
44281
44281
44280
44280
44279
44278
44277
44277
44277
44276
44276
44276
44276
44276
44275
44275
44274
44273
44273
44271
44271
44271
44271
44270
44270
44269
44269
44269
44269
44267
44267
44266
44266
44266
44266
44266
44265
44264
44264
44264
44263
44262
44262
44261
44261
44260
44260
44260
44260
44259
44259
44258
44258
44258
44257
44257
44255
44255
44255
44254
44254
44253
44253
44253
44252
44251
44250
44250
44249
44248
44248
44246
44245
44244
44243
44243
44242
44241
44241
44240
44240
44240
44239
44239
44239
44238
44237
44237
44237
44237
44236
44235
44234
44233
44233
44233
44233
44232
44232
44231
44231
44231
44231
44230
44230
44230
44230
44228
44228
44228
44228
44226
44226
44225
44225
44225
44225
44225
44225
44224
44224
44223
44223
44221
44221
44221
44221
44220
44220
44219
44219
44219
44219
44218
44218
44217
44217
44217
44216
44216
44215
44215
44215
44214
44213
44213
44212
44211
44210
44210
44209
44208
44208
44207
44207
44207
44206
44205
44205
44205
44205
44205
44204
44203
44203
44203
44202
44202
44201
44201
44201
44200
44200
44199
44199
44199
44198
44197
44197
44196
44196
44196
44195
44195
44195
44194
44194
44193
44192
44192
44192
44189
44188
44187
44186
44186
44186
44185
44185
44184
44184
44184
44183
44183
44182
44182
44181
44181
44181
44181
44180
44179
44178
44178
44178
44175
44174
44173
44173
44173
44172
44172
44172
44170
44169
44169
44169
44168
44168
44167
44167
44166
44166
44166
44166
44166
44166
44165
44164
44164
44163
44162
44162
44161
44161
44161
44159
44159
44159
44159
44159
44158
44158
44157
44156
44155
44154
44154
44153
44153
44153
44153
44153
44152
44151
44151
44151
44151
44150
44150
44148
44148
44148
44147
44147
44145
44145
44145
44144
44144
44144
44143
44142
44141
44141
44141
44141
44140
44139
44139
44139
44139
44139
44137
44137
44135
44135
44134
44134
44134
44134
44133
44132
44132
44131
44130
44129
44129
44129
44129
44128
44128
44127
44125
44124
44124
44123
44123
44123
44122
44122
44122
44122
44122
44121
44121
44120
44120
44119
44119
44118
44118
44118
44116
44115
44115
44115
44114
44114
44114
44114
44113
44113
44113
44113
44112
44111
44111
44110
44110
44110
44110
44109
44109
44109
44109
44109
44108
44107
44107
44106
44106
44106
44106
44104
44104
44103
44103
44102
44102
44102
44102
44102
44102
44101
44101
44101
44100
44100
44100
44099
44098
44098
44097
44095
44095
44094
44094
44094
44093
44092
44092
44092
44091
44090
44090
44089
44089
44089
44089
44089
44088
44088
44088
44088
44087
44087
44087
44086
44085
44085
44085
44085
44084
44084
44084
44083
44081
44081
44080
44079
44079
44079
44078
44077
44076
44076
44076
44075
44075
44074
44074
44073
44073
44072
44072
44071
44071
44070
44070
44069
44069
44069
44069
44068
44068
44067
44065
44065
44065
44063
44063
44062
44061
44061
44060
44060
44060
44059
44059
44059
44059
44058
44057
44057
44057
44057
44057
44057
44057
44056
44055
44055
44055
44054
44054
44054
44054
44053
44052
44051
44051
44050
44050
44049
44048
44048
44048
44047
44046
44046
44046
44045
44045
44044
44044
44043
44043
44043
44043
44042
44041
44041
44041
44040
44039
44039
44038
44038
44038
44037
44036
44036
44035
44035
44034
44033
44033
44033
44033
44032
44032
44032
44031
44029
44029
44029
44028
44028
44028
44028
44027
44027
44025
44023
44022
44022
44021
44020
44020
44020
44020
44020
44019
44018
44018
44017
44016
44016
44016
44014
44014
44014
44013
44013
44012
44012
44011
44010
44008
44008
44008
44008
44007
44006
44006
44005
44005
44005
44005
44005
44005
44004
44003
44003
44002
44002
44002
44002
44001
44001
44000
44000
44000
44000
44000
43999
43999
43999
43998
43997
43996
43996
43996
43995
43995
43995
43995
43994
43993
43993
43992
43990
43990
43988
43988
43988
43987
43985
43985
43984
43984
43983
43982
43981
43980
43980
43979
43979
43979
43978
43977
43976
43976
43976
43976
43975
43975
43975
43974
43974
43974
43974
43974
43974
43973
43973
43972
43972
43972
43972
43971
43970
43970
43970
43969
43969
43968
43967
43967
43967
43966
43966
43966
43965
43965
43965
43965
43964
43964
43963
43963
43962
43961
43960
43960
43960
43959
43959
43959
43958
43958
43958
43958
43956
43956
43956
43956
43955
43955
43955
43955
43954
43954
43954
43954
43954
43954
43953
43953
43952
43952
43951
43951
43951
43948
43948
43948
43947
43947
43946
43946
43945
43945
43944
43944
43943
43943
43943
43943
43943
43943
43943
43942
43942
43942
43940
43940
43939
43938
43938
43938
43937
43936
43936
43935
43935
43935
43935
43933
43932
43932
43932
43932
43931
43929
43929
43929
43928
43926
43926
43926
43925
43924
43924
43923
43922
43922
43922
43922
43921
43920
43920
43920
43920
43920
43918
43918
43917
43916
43915
43915
43915
43914
43914
43914
43913
43912
43912
43912
43911
43911
43909
43909
43908
43907
43906
43906
43905
43905
43904
43904
43903
43903
43902
43902
43902
43900
43900
43900
43900
43899
43898
43898
43897
43897
43895
43895
43895
43894
43894
43891
43890
43890
43890
43890
43889
43889
43889
43888
43888
43888
43887
43887
43886
43885
43885
43884
43884
43883
43883
43882
43882
43880
43880
43880
43878
43878
43878
43878
43878
43878
43878
43876
43876
43876
43875
43874
43873
43873
43872
43872
43872
43872
43871
43870
43870
43870
43869
43869
43868
43868
43868
43868
43866
43865
43863
43862
43862
43861
43861
43861
43860
43859
43859
43859
43859
43858
43858
43858
43857
43857
43856
43856
43854
43853
43852
43852
43851
43849
43848
43848
43846
43846
43846
43845
43845
43844
43844
43843
43843
43843
43842
43841
43840
43840
43840
43839
43839
43839
43838
43838
43837
43836
43836
43836
43836
43835
43834
43832
43831
43831
43830
43830
43830
43830
43829
43829
43828
43827
43827
43826
43825
43825
43824
43824
43824
43824
43824
43822
43822
43822
43822
43821
43820
43819
43819
43818
43818
43817
43816
43816
43815
43814
43814
43814
43814
43814
43813
43813
43813
43813
43813
43812
43812
43811
43811
43810
43810
43810
43809
43809
43807
43807
43806
43806
43806
43806
43805
43805
43804
43803
43803
43803
43803
43803
43802
43802
43802
43802
43802
43802
43801
43801
43801
43801
43800
43800
43800
43799
43797
43797
43797
43796
43795
43794
43793
43790
43790
43790
43790
43790
43788
43788
43787
43787
43787
43786
43786
43786
43785
43785
43785
43784
43784
43783
43783
43783
43782
43782
43782
43782
43782
43781
43781
43780
43780
43779
43779
43779
43777
43777
43775
43775
43775
43774
43774
43774
43773
43773
43772
43772
43772
43771
43771
43769
43769
43769
43769
43768
43767
43767
43767
43766
43766
43765
43762
43761
43761
43760
43759
43759
43759
43758
43758
43757
43757
43755
43754
43753
43751
43750
43749
43749
43749
43749
43748
43748
43748
43748
43747
43747
43747
43746
43746
43745
43745
43745
43745
43744
43743
43743
43742
43741
43738
43738
43738
43738
43737
43737
43737
43736
43736
43736
43736
43736
43735
43735
43734
43733
43733
43732
43732
43732
43731
43731
43731
43730
43730
43730
43729
43728
43728
43727
43726
43725
43725
43725
43725
43724
43724
43724
43724
43723
43722
43722
43722
43722
43722
43722
43721
43721
43721
43720
43719
43719
43718
43718
43717
43716
43716
43716
43715
43715
43715
43714
43713
43712
43711
43711
43711
43710
43710
43710
43710
43710
43710
43709
43709
43709
43708
43708
43708
43707
43706
43705
43704
43704
43704
43704
43703
43703
43703
43703
43703
43703
43701
43700
43697
43697
43696
43696
43696
43696
43696
43695
43694
43693
43693
43692
43692
43691
43691
43690
43687
43687
43687
43686
43686
43686
43685
43685
43685
43683
43683
43682
43681
43680
43679
43679
43679
43678
43678
43677
43677
43677
43677
43676
43676
43675
43675
43674
43673
43673
43671
43671
43671
43670
43670
43669
43669
43668
43668
43667
43667
43667
43667
43667
43666
43666
43664
43664
43663
43663
43663
43662
43662
43662
43662
43661
43661
43661
43661
43661
43660
43660
43660
43658
43658
43657
43657
43656
43656
43656
43655
43655
43654
43653
43653
43652
43652
43652
43651
43651
43650
43650
43650
43650
43649
43649
43648
43648
43648
43647
43647
43646
43645
43644
43643
43643
43643
43643
43643
43642
43642
43642
43641
43641
43638
43638
43638
43637
43636
43635
43634
43634
43633
43632
43632
43632
43632
43631
43630
43629
43629
43629
43629
43629
43629
43628
43628
43627
43626
43626
43626
43625
43624
43624
43623
43621
43621
43620
43620
43619
43618
43618
43618
43617
43617
43617
43617
43616
43616
43615
43615
43615
43614
43613
43613
43612
43611
43610
43610
43610
43609
43609
43609
43609
43609
43607
43607
43606
43606
43606
43606
43605
43604
43604
43604
43603
43603
43603
43602
43600
43600
43600
43599
43598
43597
43597
43597
43596
43596
43596
43595
43595
43595
43595
43594
43594
43593
43593
43593
43593
43592
43592
43591
43591
43591
43590
43589
43589
43588
43588
43586
43584
43584
43584
43583
43583
43583
43583
43582
43581
43580
43580
43580
43580
43580
43579
43579
43579
43578
43577
43577
43576
43576
43576
43575
43575
43575
43575
43574
43573
43573
43572
43571
43571
43570
43570
43568
43567
43567
43566
43565
43565
43565
43565
43564
43564
43564
43564
43563
43562
43562
43562
43561
43560
43560
43560
43559
43559
43559
43557
43557
43556
43556
43556
43555
43554
43554
43554
43553
43553
43551
43551
43550
43549
43549
43548
43548
43547
43547
43547
43546
43545
43544
43544
43544
43544
43542
43542
43541
43541
43541
43540
43540
43540
43540
43539
43539
43538
43538
43538
43537
43537
43537
43537
43534
43531
43529
43529
43529
43528
43526
43526
43526
43526
43525
43525
43524
43523
43523
43523
43522
43521
43521
43521
43520
43520
43519
43518
43518
43517
43517
43517
43517
43517
43514
43514
43514
43512
43511
43511
43511
43511
43510
43509
43509
43509
43509
43509
43509
43508
43508
43506
43505
43505
43505
43504
43503
43503
43503
43502
43502
43502
43500
43500
43499
43499
43498
43498
43497
43497
43496
43495
43495
43495
43494
43493
43493
43492
43492
43492
43491
43491
43490
43490
43489
43489
43489
43488
43488
43487
43486
43486
43485
43484
43484
43483
43483
43483
43483
43483
43482
43482
43482
43481
43481
43481
43481
43481
43480
43480
43480
43479
43479
43478
43478
43478
43476
43474
43473
43473
43472
43472
43472
43471
43470
43468
43466
43466
43465
43465
43463
43463
43462
43462
43460
43460
43460
43460
43460
43459
43459
43459
43458
43457
43457
43456
43456
43456
43454
43454
43454
43454
43454
43454
43451
43450
43450
43449
43448
43448
43447
43447
43447
43447
43447
43446
43446
43446
43445
43445
43444
43444
43444
43443
43442
43442
43442
43441
43441
43440
43440
43440
43440
43440
43440
43439
43438
43437
43437
43437
43437
43436
43436
43436
43435
43435
43435
43435
43434
43434
43434
43433
43433
43433
43432
43432
43431
43431
43430
43429
43428
43428
43428
43427
43427
43427
43427
43427
43426
43425
43425
43425
43424
43424
43424
43424
43424
43424
43424
43423
43423
43422
43422
43422
43422
43421
43421
43421
43420
43420
43419
43418
43418
43417
43417
43416
43416
43415
43414
43413
43412
43412
43412
43411
43410
43410
43409
43409
43408
43408
43407
43407
43406
43406
43406
43405
43405
43405
43404
43402
43402
43401
43400
43400
43399
43399
43399
43398
43398
43398
43397
43396
43395
43394
43394
43394
43393
43393
43393
43393
43393
43392
43392
43392
43392
43392
43391
43390
43389
43389
43388
43387
43387
43387
43386
43386
43386
43386
43385
43384
43384
43384
43384
43384
43383
43383
43381
43379
43379
43378
43377
43377
43377
43376
43376
43376
43375
43375
43374
43374
43374
43374
43374
43374
43374
43373
43370
43370
43369
43369
43369
43369
43369
43368
43368
43367
43366
43366
43365
43364
43364
43363
43363
43363
43363
43362
43361
43361
43360
43359
43359
43358
43358
43358
43357
43356
43355
43355
43354
43354
43352
43352
43351
43350
43350
43350
43350
43349
43349
43349
43349
43347
43347
43347
43347
43345
43344
43343
43342
43342
43342
43342
43340
43340
43340
43339
43338
43338
43338
43337
43336
43336
43334
43334
43333
43333
43333
43333
43331
43330
43330
43329
43329
43329
43328
43328
43328
43327
43327
43327
43326
43325
43325
43325
43324
43324
43324
43322
43322
43321
43320
43319
43319
43319
43319
43319
43318
43318
43317
43317
43317
43316
43316
43315
43315
43314
43314
43313
43313
43313
43312
43312
43311
43311
43310
43309
43308
43308
43308
43308
43307
43307
43307
43307
43306
43306
43305
43305
43305
43304
43304
43304
43302
43302
43301
43300
43300
43298
43298
43297
43296
43296
43296
43295
43295
43295
43294
43293
43293
43292
43292
43291
43291
43290
43288
43288
43287
43287
43287
43286
43284
43284
43283
43282
43282
43281
43281
43280
43280
43279
43279
43278
43278
43277
43277
43276
43276
43276
43276
43276
43276
43275
43275
43275
43275
43274
43273
43273
43272
43272
43272
43272
43270
43270
43270
43269
43269
43268
43268
43267
43267
43267
43267
43266
43266
43266
43265
43265
43265
43265
43264
43263
43263
43263
43262
43262
43261
43261
43261
43261
43260
43260
43259
43259
43259
43258
43258
43257
43257
43257
43256
43256
43256
43255
43255
43254
43254
43253
43253
43253
43252
43252
43251
43251
43251
43251
43250
43249
43249
43249
43248
43248
43247
43247
43246
43246
43245
43245
43245
43245
43245
43244
43243
43243
43243
43243
43243
43243
43242
43241
43241
43240
43240
43239
43238
43238
43237
43236
43236
43235
43235
43235
43234
43234
43234
43234
43234
43234
43233
43232
43231
43231
43231
43230
43230
43228
43228
43228
43227
43227
43227
43226
43226
43225
43225
43225
43225
43225
43225
43223
43223
43223
43222
43222
43221
43221
43221
43221
43220
43220
43220
43220
43219
43219
43219
43219
43219
43219
43219
43218
43218
43218
43217
43216
43216
43216
43215
43214
43214
43214
43213
43213
43212
43211
43211
43211
43210
43210
43210
43210
43209
43209
43209
43208
43208
43206
43206
43206
43206
43205
43204
43201
43201
43201
43198
43198
43197
43197
43197
43196
43196
43196
43196
43196
43196
43196
43195
43194
43193
43193
43193
43193
43192
43192
43192
43192
43191
43190
43190
43190
43190
43190
43190
43189
43188
43188
43187
43187
43187
43186
43186
43185
43185
43184
43183
43183
43182
43182
43181
43181
43180
43180
43180
43179
43179
43179
43179
43178
43178
43176
43175
43175
43175
43174
43174
43173
43172
43172
43172
43172
43172
43171
43171
43170
43170
43170
43170
43169
43169
43168
43168
43168
43167
43165
43164
43164
43163
43162
43161
43161
43161
43161
43160
43159
43159
43158
43158
43158
43158
43157
43157
43157
43157
43156
43156
43156
43156
43155
43155
43154
43153
43152
43151
43150
43150
43150
43150
43149
43149
43148
43148
43148
43147
43147
43146
43146
43146
43146
43146
43145
43144
43144
43144
43144
43143
43143
43143
43143
43142
43142
43142
43142
43142
43141
43141
43141
43141
43141
43140
43140
43140
43140
43140
43140
43139
43139
43139
43138
43135
43135
43135
43134
43133
43133
43133
43133
43133
43132
43131
43131
43130
43129
43129
43129
43128
43128
43128
43127
43127
43126
43125
43125
43124
43124
43124
43123
43123
43122
43122
43122
43121
43121
43120
43120
43120
43118
43118
43118
43117
43117
43117
43116
43116
43116
43116
43115
43115
43115
43115
43114
43114
43114
43113
43113
43112
43111
43111
43110
43110
43110
43110
43110
43109
43109
43108
43108
43108
43108
43107
43107
43105
43104
43103
43102
43101
43100
43100
43099
43099
43098
43097
43097
43096
43095
43092
43092
43091
43091
43091
43091
43090
43090
43090
43089
43089
43089
43087
43087
43087
43086
43086
43085
43085
43085
43084
43084
43083
43082
43082
43082
43081
43081
43081
43080
43080
43079
43079
43078
43078
43077
43077
43075
43075
43073
43072
43072
43071
43070
43070
43069
43068
43068
43066
43065
43065
43065
43064
43063
43062
43062
43062
43061
43061
43061
43060
43060
43059
43059
43058
43058
43058
43057
43055
43055
43055
43054
43054
43053
43053
43053
43052
43052
43051
43051
43051
43050
43050
43050
43050
43050
43049
43049
43047
43047
43047
43047
43047
43046
43046
43046
43044
43044
43043
43042
43041
43041
43040
43039
43039
43038
43038
43038
43036
43034
43034
43034
43034
43033
43033
43033
43032
43031
43030
43030
43029
43027
43027
43027
43026
43026
43026
43026
43024
43023
43022
43022
43021
43021
43021
43021
43021
43020
43020
43018
43018
43018
43017
43017
43016
43016
43015
43014
43014
43014
43014
43013
43012
43011
43011
43011
43010
43010
43009
43009
43008
43008
43008
43007
43007
43007
43006
43006
43006
43006
43006
43005
43004
43004
43003
43003
43002
43002
43000
42999
42999
42997
42996
42995
42995
42994
42994
42994
42994
42993
42991
42990
42989
42989
42988
42988
42986
42986
42985
42985
42985
42985
42984
42984
42984
42984
42984
42984
42983
42983
42982
42982
42981
42979
42978
42978
42977
42976
42976
42976
42976
42976
42975
42975
42975
42975
42974
42974
42974
42974
42973
42973
42973
42973
42972
42972
42972
42970
42970
42970
42970
42968
42968
42967
42967
42966
42966
42965
42965
42965
42964
42963
42963
42960
42960
42960
42960
42959
42959
42959
42957
42957
42957
42956
42956
42956
42955
42955
42955
42955
42954
42954
42954
42954
42954
42953
42953
42952
42952
42952
42952
42951
42951
42950
42950
42950
42948
42947
42946
42946
42945
42945
42945
42945
42945
42944
42944
42943
42943
42943
42942
42941
42940
42940
42940
42939
42938
42937
42937
42936
42935
42935
42935
42935
42933
42931
42929
42929
42929
42928
42928
42928
42928
42928
42927
42926
42925
42925
42925
42924
42924
42924
42923
42922
42922
42921
42919
42919
42919
42919
42918
42918
42917
42916
42915
42915
42913
42913
42912
42911
42910
42909
42909
42909
42909
42909
42909
42908
42908
42908
42907
42907
42906
42905
42905
42905
42904
42904
42903
42903
42903
42902
42899
42899
42898
42898
42897
42897
42897
42896
42896
42896
42895
42894
42894
42893
42892
42892
42891
42891
42890
42890
42890
42889
42889
42888
42888
42888
42887
42887
42887
42887
42886
42886
42886
42885
42884
42884
42884
42883
42883
42882
42882
42881
42881
42881
42881
42880
42879
42878
42877
42877
42876
42876
42874
42874
42873
42873
42872
42872
42871
42870
42869
42869
42869
42869
42869
42869
42869
42868
42867
42867
42866
42866
42865
42865
42865
42865
42863
42863
42862
42862
42861
42861
42861
42860
42860
42859
42859
42859
42859
42858
42858
42857
42857
42857
42856
42856
42856
42855
42855
42853
42853
42852
42851
42851
42851
42851
42851
42850
42850
42850
42850
42849
42849
42848
42847
42847
42847
42845
42844
42844
42843
42843
42843
42842
42842
42841
42841
42841
42841
42840
42840
42839
42837
42837
42837
42835
42835
42834
42834
42834
42833
42831
42831
42830
42830
42829
42828
42827
42827
42827
42826
42825
42825
42825
42825
42825
42825
42824
42824
42823
42822
42821
42821
42821
42820
42819
42818
42818
42818
42818
42818
42818
42817
42816
42816
42815
42815
42815
42815
42814
42813
42813
42813
42813
42812
42812
42812
42811
42811
42811
42811
42810
42810
42810
42809
42808
42807
42807
42807
42806
42806
42805
42804
42802
42800
42799
42799
42798
42798
42796
42796
42796
42795
42795
42794
42794
42794
42793
42793
42793
42793
42792
42791
42790
42790
42789
42789
42788
42787
42787
42786
42786
42786
42785
42784
42784
42784
42783
42782
42781
42781
42781
42780
42779
42779
42777
42776
42775
42774
42774
42774
42773
42772
42771
42771
42771
42770
42769
42769
42768
42768
42767
42767
42767
42766
42766
42766
42766
42766
42765
42765
42765
42765
42764
42764
42764
42764
42764
42763
42762
42760
42760
42760
42758
42757
42757
42756
42755
42755
42755
42755
42754
42753
42752
42752
42751
42750
42750
42749
42749
42749
42749
42749
42748
42748
42748
42748
42747
42747
42745
42745
42745
42745
42744
42743
42743
42742
42742
42738
42737
42737
42737
42736
42735
42734
42733
42733
42733
42732
42732
42732
42731
42731
42731
42731
42730
42729
42729
42729
42728
42727
42727
42726
42726
42725
42723
42723
42723
42723
42722
42722
42721
42721
42720
42720
42720
42719
42719
42718
42718
42718
42718
42718
42717
42716
42716
42716
42715
42715
42715
42715
42715
42715
42714
42713
42713
42713
42712
42712
42711
42711
42710
42710
42710
42710
42709
42709
42709
42709
42709
42708
42708
42707
42707
42706
42705
42705
42705
42704
42704
42704
42704
42703
42703
42702
42702
42702
42701
42701
42701
42700
42700
42700
42700
42699
42699
42698
42698
42697
42697
42696
42696
42696
42695
42694
42694
42693
42693
42692
42691
42690
42689
42689
42689
42688
42688
42687
42686
42686
42685
42685
42685
42684
42684
42684
42683
42681
42681
42680
42680
42680
42680
42680
42679
42678
42678
42678
42677
42677
42676
42676
42674
42674
42674
42673
42673
42672
42672
42671
42671
42671
42671
42671
42670
42670
42670
42669
42669
42669
42669
42667
42666
42666
42666
42665
42665
42664
42664
42664
42663
42663
42663
42662
42662
42661
42661
42660
42660
42659
42659
42659
42658
42658
42657
42656
42655
42654
42653
42653
42652
42651
42650
42650
42649
42649
42649
42648
42648
42648
42647
42647
42646
42645
42645
42645
42643
42643
42643
42643
42642
42642
42642
42642
42642
42641
42641
42641
42641
42641
42640
42640
42640
42638
42638
42637
42637
42637
42637
42637
42635
42634
42633
42633
42632
42632
42632
42631
42630
42630
42629
42629
42628
42628
42627
42626
42626
42624
42624
42624
42624
42623
42620
42620
42619
42619
42619
42618
42618
42618
42618
42617
42617
42615
42614
42614
42614
42612
42611
42611
42610
42610
42609
42609
42609
42609
42607
42606
42606
42606
42606
42605
42603
42603
42603
42603
42603
42602
42602
42601
42601
42601
42600
42600
42600
42599
42598
42597
42597
42597
42597
42597
42597
42597
42597
42597
42596
42596
42595
42595
42595
42594
42594
42594
42594
42591
42590
42590
42590
42590
42590
42589
42589
42588
42588
42588
42588
42587
42586
42585
42584
42583
42583
42583
42583
42583
42582
42582
42581
42581
42581
42581
42580
42579
42579
42579
42579
42578
42577
42577
42577
42577
42576
42576
42576
42575
42574
42574
42574
42573
42573
42573
42573
42573
42572
42571
42571
42571
42570
42570
42569
42569
42569
42569
42568
42568
42568
42567
42567
42567
42567
42566
42565
42563
42563
42562
42561
42561
42561
42560
42558
42558
42558
42557
42557
42557
42556
42556
42555
42554
42554
42554
42554
42553
42553
42552
42551
42551
42551
42551
42550
42550
42550
42549
42549
42549
42549
42548
42548
42548
42548
42547
42547
42546
42546
42546
42545
42545
42545
42543
42543
42542
42542
42541
42540
42540
42538
42537
42537
42537
42537
42537
42537
42535
42535
42534
42534
42534
42534
42533
42533
42533
42532
42531
42530
42530
42529
42529
42528
42527
42527
42526
42525
42524
42523
42523
42522
42522
42521
42521
42521
42521
42520
42519
42519
42518
42518
42518
42518
42518
42518
42517
42517
42516
42516
42516
42515
42515
42515
42515
42514
42514
42513
42513
42511
42510
42508
42508
42508
42507
42507
42506
42506
42506
42506
42505
42504
42504
42504
42504
42503
42501
42500
42499
42498
42498
42497
42497
42497
42496
42496
42496
42496
42495
42495
42495
42494
42493
42492
42492
42492
42491
42491
42490
42490
42490
42490
42490
42489
42489
42488
42487
42487
42486
42486
42486
42485
42484
42484
42484
42483
42483
42483
42482
42482
42482
42482
42482
42481
42480
42480
42479
42477
42477
42476
42476
42475
42474
42474
42473
42473
42472
42472
42472
42471
42471
42470
42470
42470
42469
42469
42469
42469
42469
42469
42467
42467
42467
42466
42466
42466
42465
42464
42464
42464
42463
42463
42463
42463
42463
42462
42461
42461
42461
42461
42461
42460
42460
42460
42459
42459
42459
42458
42457
42457
42456
42454
42453
42452
42451
42450
42450
42450
42450
42448
42448
42448
42448
42447
42447
42447
42445
42445
42444
42443
42443
42443
42442
42442
42441
42441
42441
42440
42440
42440
42440
42439
42437
42437
42436
42435
42434
42433
42433
42432
42431
42430
42429
42429
42429
42429
42428
42427
42427
42426
42426
42426
42425
42425
42424
42422
42422
42421
42420
42420
42419
42419
42418
42416
42416
42416
42416
42415
42414
42414
42414
42413
42413
42413
42413
42413
42412
42412
42412
42412
42411
42411
42411
42410
42410
42410
42410
42410
42410
42410
42409
42409
42409
42408
42408
42407
42406
42406
42406
42405
42405
42405
42404
42404
42404
42404
42404
42403
42403
42403
42402
42401
42401
42401
42401
42401
42400
42399
42398
42398
42397
42396
42395
42395
42395
42395
42394
42394
42394
42394
42393
42392
42392
42391
42391
42391
42390
42388
42388
42387
42387
42386
42386
42386
42385
42385
42384
42384
42383
42383
42382
42381
42379
42378
42378
42378
42378
42378
42377
42377
42376
42375
42374
42374
42374
42373
42373
42373
42372
42372
42372
42371
42371
42370
42370
42369
42369
42369
42369
42369
42368
42368
42367
42367
42367
42367
42367
42366
42365
42364
42362
42362
42362
42362
42362
42361
42361
42361
42360
42360
42360
42359
42358
42358
42356
42356
42355
42355
42354
42354
42353
42352
42352
42352
42351
42351
42351
42350
42349
42349
42348
42348
42348
42348
42347
42347
42347
42345
42345
42344
42343
42343
42342
42341
42340
42339
42339
42339
42338
42338
42338
42338
42338
42336
42336
42336
42336
42335
42335
42335
42335
42334
42332
42332
42331
42330
42330
42329
42328
42328
42328
42327
42327
42326
42326
42326
42325
42325
42325
42325
42325
42324
42324
42324
42323
42323
42323
42323
42322
42322
42322
42322
42321
42320
42319
42319
42319
42318
42318
42318
42317
42317
42317
42317
42316
42316
42316
42315
42314
42313
42313
42312
42312
42311
42311
42311
42310
42310
42309
42309
42309
42308
42307
42306
42306
42304
42304
42304
42303
42303
42302
42302
42301
42301
42301
42300
42300
42300
42300
42299
42299
42298
42298
42298
42297
42296
42295
42294
42294
42294
42293
42292
42292
42292
42291
42291
42291
42290
42290
42289
42289
42289
42287
42287
42286
42286
42285
42284
42284
42283
42283
42282
42282
42282
42281
42281
42280
42280
42280
42279
42279
42278
42278
42277
42276
42275
42275
42274
42272
42271
42270
42269
42269
42265
42264
42263
42263
42262
42262
42261
42261
42261
42260
42260
42260
42260
42260
42260
42259
42259
42259
42259
42258
42257
42257
42256
42255
42255
42255
42254
42254
42253
42252
42252
42252
42251
42251
42250
42247
42247
42247
42247
42247
42246
42246
42246
42245
42244
42243
42242
42242
42241
42241
42240
42239
42239
42238
42238
42238
42238
42238
42238
42238
42237
42237
42236
42235
42233
42233
42232
42232
42232
42232
42231
42231
42231
42230
42229
42229
42228
42227
42226
42225
42224
42224
42224
42224
42224
42224
42224
42223
42223
42223
42222
42222
42221
42221
42221
42220
42220
42219
42219
42219
42218
42217
42217
42217
42217
42216
42215
42215
42214
42214
42214
42213
42213
42213
42212
42211
42211
42210
42210
42209
42209
42208
42208
42208
42206
42206
42206
42205
42205
42205
42204
42204
42201
42201
42200
42200
42199
42198
42198
42198
42197
42196
42196
42195
42195
42195
42195
42195
42195
42194
42194
42193
42193
42193
42193
42192
42192
42192
42192
42192
42191
42191
42191
42190
42190
42190
42190
42188
42188
42188
42186
42184
42184
42184
42184
42183
42182
42182
42182
42182
42182
42181
42181
42181
42180
42180
42180
42179
42179
42178
42178
42177
42176
42176
42176
42175
42175
42174
42174
42174
42173
42172
42172
42172
42171
42171
42171
42171
42171
42171
42170
42170
42170
42167
42167
42166
42165
42165
42165
42165
42164
42164
42163
42163
42163
42162
42162
42162
42161
42161
42160
42160
42160
42159
42159
42159
42158
42158
42158
42158
42158
42157
42157
42155
42155
42155
42153
42153
42153
42152
42152
42152
42152
42152
42150
42149
42149
42147
42147
42146
42146
42145
42145
42144
42144
42142
42142
42140
42140
42139
42138
42138
42137
42136
42136
42136
42136
42136
42136
42135
42134
42134
42133
42132
42132
42132
42131
42131
42130
42129
42129
42128
42126
42126
42126
42126
42125
42125
42125
42125
42125
42125
42124
42124
42123
42123
42123
42123
42122
42122
42122
42121
42120
42120
42119
42118
42118
42118
42117
42117
42116
42116
42115
42115
42113
42113
42112
42112
42112
42111
42110
42110
42109
42109
42109
42109
42108
42107
42107
42107
42106
42105
42105
42105
42105
42104
42103
42103
42103
42102
42100
42100
42100
42099
42098
42098
42096
42096
42096
42095
42095
42095
42095
42094
42094
42093
42093
42092
42092
42092
42091
42091
42090
42089
42089
42089
42087
42087
42086
42086
42086
42085
42085
42085
42085
42083
42083
42083
42083
42082
42081
42081
42080
42080
42079
42078
42078
42077
42076
42076
42075
42075
42074
42074
42074
42073
42073
42073
42072
42072
42072
42070
42069
42069
42068
42067
42066
42065
42064
42063
42063
42062
42062
42060
42060
42059
42059
42059
42056
42056
42056
42056
42054
42054
42054
42053
42052
42052
42051
42051
42051
42050
42049
42049
42049
42048
42048
42047
42047
42046
42046
42046
42046
42046
42046
42045
42044
42044
42044
42044
42043
42042
42042
42041
42041
42040
42039
42039
42039
42037
42036
42036
42035
42035
42034
42034
42033
42032
42032
42032
42031
42031
42031
42031
42030
42030
42030
42030
42030
42029
42029
42028
42028
42028
42027
42027
42027
42027
42026
42026
42026
42025
42024
42022
42021
42021
42021
42020
42019
42019
42018
42018
42018
42017
42016
42015
42014
42013
42013
42013
42013
42012
42012
42012
42010
42010
42008
42008
42006
42005
42004
42003
42003
42003
42002
42002
42002
42000
42000
42000
41999
41999
41999
41998
41998
41998
41997
41996
41996
41996
41995
41995
41994
41994
41993
41991
41990
41990
41990
41990
41989
41989
41989
41989
41987
41986
41986
41986
41985
41984
41981
41981
41981
41981
41980
41980
41980
41980
41979
41978
41978
41978
41978
41978
41978
41978
41978
41976
41975
41973
41973
41972
41972
41971
41970
41970
41970
41969
41969
41968
41967
41966
41966
41965
41964
41964
41964
41962
41962
41962
41961
41961
41960
41960
41960
41959
41959
41959
41958
41957
41956
41955
41955
41955
41955
41954
41953
41953
41952
41951
41951
41951
41950
41950
41949
41949
41947
41947
41947
41946
41946
41946
41945
41945
41945
41944
41943
41943
41943
41943
41942
41942
41942
41940
41939
41939
41939
41939
41939
41939
41938
41938
41938
41938
41938
41937
41936
41935
41934
41934
41933
41933
41933
41932
41932
41930
41929
41929
41929
41927
41927
41927
41927
41927
41925
41925
41924
41924
41923
41923
41922
41920
41919
41918
41918
41916
41916
41916
41916
41915
41914
41914
41914
41913
41913
41913
41913
41912
41912
41911
41909
41909
41908
41908
41907
41907
41906
41906
41905
41905
41905
41904
41904
41904
41903
41902
41902
41901
41901
41900
41900
41899
41899
41899
41898
41898
41897
41895
41895
41895
41894
41893
41893
41892
41892
41892
41891
41891
41891
41890
41890
41890
41889
41888
41887
41886
41886
41886
41885
41885
41884
41883
41883
41883
41882
41880
41880
41880
41880
41879
41879
41879
41878
41878
41877
41877
41877
41877
41877
41876
41876
41876
41876
41875
41874
41874
41872
41871
41871
41870
41870
41870
41869
41869
41869
41869
41868
41867
41867
41867
41867
41866
41865
41864
41863
41863
41863
41863
41861
41861
41860
41860
41859
41859
41858
41857
41857
41856
41855
41855
41855
41854
41854
41853
41853
41853
41852
41852
41852
41852
41852
41851
41851
41851
41851
41850
41850
41850
41849
41848
41848
41847
41845
41845
41845
41844
41843
41843
41842
41842
41842
41841
41841
41841
41841
41840
41840
41840
41840
41839
41839
41839
41839
41836
41836
41836
41835
41835
41834
41833
41833
41833
41832
41832
41831
41831
41831
41829
41829
41829
41828
41827
41827
41826
41824
41824
41824
41824
41823
41822
41822
41821
41821
41820
41820
41819
41819
41818
41818
41818
41817
41817
41816
41816
41815
41815
41814
41813
41813
41813
41813
41813
41813
41812
41812
41812
41812
41811
41811
41811
41810
41809
41809
41808
41808
41807
41807
41806
41805
41805
41802
41801
41801
41800
41799
41799
41798
41798
41798
41798
41796
41796
41795
41795
41795
41794
41793
41793
41792
41792
41791
41791
41791
41791
41789
41789
41789
41789
41789
41789
41788
41787
41787
41787
41786
41786
41785
41785
41784
41784
41783
41783
41782
41782
41782
41781
41781
41780
41780
41780
41780
41780
41780
41779
41778
41778
41777
41776
41776
41775
41774
41773
41773
41772
41772
41771
41771
41771
41771
41770
41770
41769
41768
41766
41765
41764
41764
41764
41763
41763
41763
41763
41761
41760
41759
41759
41759
41758
41758
41758
41757
41757
41756
41755
41755
41754
41754
41753
41752
41752
41752
41752
41752
41751
41751
41751
41751
41751
41750
41750
41749
41749
41749
41748
41748
41748
41747
41746
41745
41745
41744
41743
41743
41743
41743
41743
41742
41741
41741
41741
41740
41740
41739
41739
41739
41739
41737
41736
41736
41736
41735
41735
41735
41735
41734
41734
41734
41733
41732
41732
41732
41732
41732
41731
41731
41731
41731
41730
41729
41729
41729
41729
41729
41728
41727
41726
41726
41725
41725
41724
41724
41724
41724
41724
41724
41722
41722
41722
41722
41721
41720
41720
41720
41719
41719
41719
41718
41718
41717
41717
41716
41716
41715
41715
41715
41714
41714
41714
41714
41713
41713
41712
41712
41712
41712
41712
41712
41711
41711
41711
41710
41710
41709
41708
41708
41707
41706
41706
41705
41705
41705
41705
41705
41704
41704
41704
41704
41703
41703
41703
41703
41703
41703
41702
41701
41701
41701
41700
41699
41698
41698
41697
41697
41697
41696
41695
41693
41693
41693
41693
41690
41690
41688
41687
41687
41686
41686
41686
41686
41685
41684
41683
41680
41680
41679
41678
41677
41677
41676
41676
41673
41673
41673
41673
41673
41672
41670
41669
41669
41669
41669
41668
41668
41667
41667
41667
41666
41666
41666
41665
41665
41665
41664
41663
41663
41663
41661
41661
41658
41658
41657
41655
41654
41654
41653
41652
41652
41651
41650
41650
41649
41648
41647
41647
41647
41646
41645
41645
41644
41644
41644
41643
41643
41643
41642
41641
41641
41640
41639
41639
41639
41639
41639
41638
41638
41637
41637
41637
41636
41633
41633
41633
41632
41632
41632
41631
41631
41630
41630
41630
41629
41628
41628
41628
41628
41628
41627
41627
41626
41626
41626
41625
41624
41623
41623
41621
41620
41619
41619
41619
41619
41619
41618
41617
41617
41616
41616
41616
41616
41615
41615
41615
41613
41612
41612
41612
41612
41612
41612
41611
41611
41611
41611
41611
41610
41610
41608
41607
41607
41606
41606
41606
41606
41606
41605
41605
41605
41604
41604
41603
41602
41602
41601
41601
41601
41601
41600
41600
41598
41598
41598
41598
41597
41596
41595
41594
41593
41592
41591
41591
41591
41591
41590
41590
41589
41588
41588
41587
41587
41587
41587
41586
41585
41583
41580
41579
41579
41579
41579
41578
41578
41578
41578
41577
41577
41577
41577
41575
41575
41575
41575
41574
41574
41574
41574
41574
41573
41573
41571
41571
41571
41571
41570
41570
41570
41569
41569
41568
41568
41568
41568
41567
41567
41566
41566
41565
41565
41565
41565
41564
41564
41564
41564
41564
41564
41563
41563
41563
41561
41561
41561
41560
41560
41560
41559
41559
41559
41558
41557
41557
41556
41556
41556
41554
41554
41554
41553
41552
41552
41552
41552
41551
41551
41550
41550
41550
41550
41549
41549
41548
41548
41547
41547
41545
41545
41545
41544
41544
41543
41540
41540
41540
41540
41540
41540
41540
41540
41539
41537
41537
41535
41535
41533
41533
41533
41533
41532
41532
41531
41531
41531
41531
41531
41530
41529
41527
41527
41527
41526
41526
41526
41525
41525
41524
41523
41523
41523
41523
41523
41521
41521
41521
41520
41520
41520
41520
41520
41519
41518
41518
41517
41516
41516
41516
41516
41515
41514
41514
41513
41512
41512
41510
41510
41509
41509
41508
41508
41508
41507
41507
41504
41504
41504
41502
41502
41500
41499
41497
41495
41495
41495
41495
41494
41494
41493
41492
41492
41491
41490
41489
41488
41488
41488
41488
41487
41486
41486
41485
41484
41484
41483
41482
41482
41482
41482
41481
41481
41481
41481
41480
41480
41478
41477
41475
41474
41474
41473
41473
41471
41470
41470
41469
41468
41468
41468
41468
41468
41467
41466
41466
41466
41466
41465
41465
41465
41465
41464
41464
41463
41463
41462
41462
41462
41462
41461
41460
41460
41460
41458
41458
41458
41457
41456
41456
41455
41455
41455
41455
41455
41454
41454
41454
41453
41453
41452
41452
41451
41450
41450
41449
41449
41448
41447
41445
41445
41444
41444
41444
41444
41443
41443
41443
41442
41442
41440
41439
41439
41439
41438
41438
41437
41437
41435
41434
41434
41434
41434
41433
41432
41432
41432
41432
41432
41431
41430
41430
41430
41430
41429
41428
41427
41427
41427
41426
41426
41425
41425
41424
41424
41423
41423
41422
41422
41421
41420
41420
41419
41418
41418
41418
41417
41415
41415
41415
41414
41414
41414
41414
41413
41413
41413
41412
41411
41411
41410
41409
41409
41408
41408
41408
41407
41407
41407
41406
41406
41406
41405
41404
41403
41403
41402
41402
41402
41402
41401
41401
41401
41401
41399
41399
41399
41399
41398
41398
41398
41397
41396
41396
41395
41395
41395
41394
41392
41392
41392
41391
41390
41388
41387
41387
41387
41385
41385
41384
41384
41383
41382
41381
41380
41380
41379
41379
41379
41378
41377
41377
41375
41375
41375
41374
41374
41374
41373
41372
41372
41371
41370
41369
41368
41367
41366
41366
41366
41365
41365
41364
41364
41364
41362
41360
41360
41359
41359
41358
41358
41358
41357
41357
41357
41356
41355
41355
41353
41353
41353
41352
41352
41352
41352
41351
41351
41351
41349
41349
41348
41348
41348
41347
41346
41346
41345
41345
41345
41345
41344
41344
41343
41343
41343
41342
41342
41342
41341
41341
41341
41341
41341
41340
41340
41340
41339
41339
41339
41338
41338
41338
41338
41337
41337
41337
41337
41336
41335
41334
41334
41334
41331
41331
41331
41329
41329
41329
41329
41329
41328
41327
41326
41325
41325
41325
41325
41324
41324
41324
41323
41322
41321
41321
41321
41320
41320
41319
41319
41319
41318
41318
41318
41318
41318
41317
41316
41316
41316
41316
41314
41314
41314
41313
41312
41312
41311
41311
41310
41310
41309
41309
41309
41308
41308
41307
41307
41306
41306
41306
41305
41305
41304
41304
41304
41304
41304
41303
41302
41302
41301
41301
41300
41299
41298
41298
41296
41294
41293
41293
41293
41293
41293
41292
41291
41291
41290
41290
41290
41289
41288
41288
41287
41287
41287
41286
41286
41285
41284
41284
41284
41283
41283
41283
41281
41280
41280
41279
41278
41278
41278
41278
41277
41277
41276
41275
41274
41274
41273
41273
41273
41272
41272
41271
41271
41270
41270
41270
41270
41269
41269
41268
41268
41268
41268
41267
41267
41266
41266
41266
41265
41265
41263
41261
41261
41261
41261
41261
41261
41261
41260
41259
41258
41257
41256
41255
41255
41255
41254
41254
41254
41254
41254
41254
41254
41254
41254
41253
41253
41252
41252
41252
41251
41251
41250
41250
41249
41249
41249
41248
41248
41248
41248
41247
41247
41247
41246
41246
41246
41246
41245
41245
41245
41243
41243
41242
41241
41240
41239
41238
41237
41236
41235
41233
41233
41233
41232
41232
41231
41231
41230
41230
41229
41229
41229
41228
41228
41227
41227
41226
41225
41225
41225
41224
41224
41224
41223
41223
41223
41221
41221
41221
41221
41220
41220
41219
41218
41218
41218
41217
41217
41216
41216
41216
41215
41215
41215
41215
41214
41214
41214
41214
41214
41211
41211
41211
41210
41210
41210
41210
41209
41209
41209
41206
41206
41206
41205
41205
41205
41204
41204
41204
41204
41204
41203
41201
41201
41201
41200
41199
41199
41198
41198
41197
41196
41196
41196
41195
41194
41194
41193
41192
41192
41191
41191
41191
41190
41190
41190
41190
41189
41189
41189
41188
41188
41188
41188
41186
41186
41186
41185
41185
41185
41185
41185
41184
41183
41182
41182
41182
41181
41181
41181
41178
41178
41178
41177
41176
41176
41175
41174
41174
41173
41173
41173
41173
41172
41172
41171
41171
41170
41170
41170
41170
41169
41168
41168
41166
41166
41166
41166
41165
41165
41165
41165
41165
41164
41164
41164
41163
41162
41161
41160
41160
41159
41159
41159
41158
41158
41158
41157
41157
41156
41156
41156
41155
41154
41154
41154
41154
41153
41153
41151
41150
41150
41150
41150
41149
41148
41148
41147
41145
41144
41144
41144
41143
41142
41141
41140
41139
41139
41139
41139
41138
41137
41137
41137
41137
41137
41136
41134
41134
41134
41133
41133
41133
41133
41132
41132
41130
41130
41130
41130
41129
41129
41128
41127
41127
41127
41126
41125
41125
41125
41124
41123
41123
41123
41122
41122
41121
41121
41121
41120
41120
41120
41120
41120
41119
41119
41118
41118
41118
41117
41117
41117
41117
41116
41116
41116
41115
41115
41115
41114
41114
41114
41113
41112
41112
41110
41110
41109
41109
41109
41109
41108
41108
41106
41105
41104
41104
41104
41103
41103
41101
41101
41100
41098
41097
41097
41097
41097
41096
41095
41093
41093
41092
41091
41091
41090
41090
41090
41089
41088
41087
41087
41087
41085
41085
41085
41085
41085
41084
41084
41083
41083
41082
41082
41081
41081
41081
41081
41080
41080
41079
41079
41079
41079
41078
41077
41077
41076
41076
41076
41075
41074
41073
41073
41072
41072
41072
41072
41071
41071
41070
41070
41070
41069
41069
41069
41068
41068
41068
41068
41068
41067
41067
41066
41066
41065
41065
41064
41064
41064
41064
41064
41063
41063
41063
41062
41062
41062
41062
41061
41060
41060
41059
41057
41057
41057
41056
41055
41054
41053
41052
41052
41051
41051
41050
41048
41047
41047
41045
41045
41045
41044
41042
41042
41042
41041
41041
41041
41041
41040
41040
41040
41040
41040
41039
41039
41039
41039
41038
41038
41037
41037
41036
41036
41036
41036
41034
41033
41031
41031
41030
41030
41029
41028
41028
41028
41028
41027
41026
41026
41025
41024
41024
41024
41024
41024
41023
41022
41022
41022
41022
41021
41021
41021
41021
41019
41019
41019
41018
41018
41017
41017
41017
41017
41015
41015
41015
41015
41014
41014
41014
41013
41013
41012
41012
41011
41011
41009
41009
41008
41008
41007
41006
41006
41006
41006
41005
41005
41005
41004
41003
41002
41002
41002
40999
40999
40999
40999
40998
40997
40994
40994
40993
40993
40992
40992
40991
40989
40989
40988
40987
40987
40987
40986
40986
40986
40985
40984
40984
40984
40982
40982
40982
40981
40980
40980
40980
40979
40979
40979
40978
40978
40978
40977
40976
40975
40974
40974
40974
40973
40973
40973
40971
40971
40971
40971
40969
40969
40969
40968
40968
40967
40967
40966
40965
40964
40963
40963
40963
40962
40962
40961
40960
40959
40959
40958
40958
40958
40957
40957
40957
40957
40956
40955
40955
40954
40954
40953
40953
40952
40952
40952
40951
40951
40950
40949
40949
40949
40949
40949
40948
40948
40948
40948
40947
40947
40946
40946
40946
40946
40945
40944
40944
40944
40944
40944
40944
40943
40943
40942
40941
40941
40941
40940
40940
40940
40940
40939
40939
40938
40938
40938
40937
40937
40936
40936
40936
40936
40935
40935
40934
40934
40934
40934
40934
40933
40933
40933
40933
40932
40931
40930
40930
40929
40929
40928
40927
40926
40926
40926
40925
40924
40924
40923
40923
40923
40923
40923
40922
40922
40922
40921
40919
40919
40918
40918
40917
40917
40917
40916
40916
40916
40915
40915
40914
40914
40913
40911
40911
40911
40910
40910
40910
40910
40909
40908
40908
40908
40907
40907
40906
40905
40903
40902
40902
40902
40902
40901
40900
40900
40900
40899
40897
40897
40897
40896
40896
40896
40895
40895
40895
40895
40894
40893
40893
40892
40892
40891
40891
40891
40890
40890
40889
40889
40889
40888
40888
40888
40888
40888
40888
40887
40887
40887
40885
40885
40884
40884
40884
40884
40883
40883
40883
40881
40881
40881
40881
40880
40880
40879
40879
40879
40878
40878
40876
40876
40875
40875
40875
40875
40874
40874
40873
40873
40872
40872
40871
40870
40870
40869
40869
40869
40868
40866
40865
40865
40864
40863
40863
40862
40857
40857
40857
40856
40856
40856
40856
40855
40855
40855
40854
40853
40853
40853
40853
40851
40850
40849
40848
40847
40846
40845
40845
40844
40844
40844
40843
40843
40841
40841
40840
40840
40840
40839
40839
40839
40839
40839
40838
40838
40838
40837
40837
40837
40837
40836
40836
40835
40835
40835
40833
40833
40831
40830
40830
40829
40828
40828
40828
40827
40827
40827
40826
40825
40825
40825
40824
40824
40823
40823
40823
40821
40821
40819
40819
40819
40818
40818
40818
40818
40818
40817
40817
40816
40816
40815
40815
40813
40813
40813
40812
40811
40810
40809
40809
40808
40808
40808
40808
40808
40807
40806
40806
40805
40805
40805
40805
40805
40804
40803
40803
40802
40802
40802
40801
40801
40801
40800
40800
40800
40799
40798
40797
40797
40796
40795
40794
40793
40792
40792
40792
40790
40790
40789
40788
40788
40788
40788
40787
40787
40786
40785
40785
40784
40784
40784
40784
40783
40782
40782
40780
40780
40779
40779
40779
40778
40777
40777
40777
40777
40776
40776
40775
40775
40774
40774
40773
40772
40771
40771
40771
40770
40768
40768
40767
40767
40767
40766
40766
40766
40766
40765
40765
40765
40765
40764
40764
40763
40761
40760
40759
40759
40759
40758
40758
40758
40758
40757
40757
40757
40757
40757
40756
40755
40755
40752
40752
40751
40751
40751
40750
40749
40749
40749
40749
40748
40748
40747
40747
40747
40746
40745
40745
40745
40743
40743
40742
40741
40740
40740
40739
40739
40738
40737
40737
40737
40736
40736
40736
40735
40735
40734
40734
40733
40733
40733
40733
40732
40731
40731
40731
40731
40731
40731
40730
40730
40730
40729
40729
40728
40728
40728
40728
40727
40727
40727
40726
40726
40725
40724
40722
40720
40720
40720
40719
40719
40719
40718
40718
40717
40717
40717
40716
40716
40716
40715
40715
40715
40713
40713
40713
40713
40712
40712
40711
40710
40710
40710
40710
40709
40708
40708
40707
40707
40707
40706
40706
40706
40704
40704
40704
40703
40703
40702
40702
40701
40701
40700
40700
40700
40699
40698
40697
40696
40696
40695
40695
40695
40694
40693
40693
40692
40692
40691
40691
40691
40690
40690
40690
40689
40689
40689
40689
40687
40686
40683
40683
40683
40683
40683
40683
40682
40681
40680
40679
40678
40676
40676
40676
40674
40674
40674
40673
40673
40673
40672
40671
40671
40671
40671
40671
40670
40670
40669
40669
40669
40668
40668
40667
40667
40666
40666
40665
40665
40665
40664
40664
40664
40664
40663
40663
40662
40661
40659
40659
40659
40659
40659
40658
40658
40657
40657
40656
40656
40654
40653
40652
40652
40651
40650
40650
40650
40650
40650
40649
40649
40648
40648
40646
40645
40645
40645
40645
40645
40644
40643
40643
40643
40642
40641
40640
40640
40638
40636
40636
40636
40636
40635
40635
40635
40634
40633
40633
40632
40632
40632
40632
40631
40631
40631
40630
40630
40630
40630
40629
40629
40628
40628
40628
40628
40627
40627
40627
40626
40625
40625
40625
40624
40624
40623
40621
40620
40620
40620
40619
40619
40618
40618
40617
40617
40617
40617
40615
40615
40615
40614
40613
40613
40612
40610
40609
40609
40609
40607
40607
40607
40605
40605
40604
40603
40602
40601
40600
40600
40600
40600
40600
40599
40599
40599
40599
40599
40598
40598
40597
40596
40596
40595
40595
40595
40594
40594
40594
40592
40591
40591
40591
40591
40591
40590
40588
40588
40588
40588
40587
40587
40587
40587
40586
40586
40585
40585
40585
40585
40583
40582
40582
40581
40581
40580
40580
40580
40580
40580
40579
40579
40578
40578
40578
40578
40577
40577
40577
40576
40575
40575
40574
40574
40574
40574
40573
40573
40573
40572
40572
40571
40571
40571
40571
40571
40569
40568
40568
40567
40567
40566
40565
40565
40564
40564
40564
40563
40563
40563
40561
40561
40560
40560
40558
40557
40555
40553
40553
40553
40552
40552
40552
40552
40551
40551
40548
40547
40545
40544
40543
40543
40543
40542
40542
40542
40542
40541
40540
40540
40538
40538
40537
40537
40536
40536
40535
40535
40535
40535
40535
40534
40534
40533
40533
40533
40532
40532
40531
40530
40530
40530
40529
40529
40529
40529
40529
40528
40528
40528
40527
40526
40526
40526
40525
40525
40525
40524
40524
40523
40523
40523
40522
40522
40521
40520
40520
40520
40519
40518
40518
40517
40517
40517
40517
40517
40516
40516
40516
40516
40516
40514
40514
40513
40513
40512
40512
40512
40512
40511
40511
40510
40510
40509
40509
40509
40509
40508
40508
40507
40507
40507
40506
40505
40505
40504
40504
40503
40503
40503
40502
40502
40501
40500
40500
40500
40500
40499
40497
40496
40496
40496
40494
40494
40493
40493
40491
40491
40490
40490
40490
40490
40489
40488
40488
40488
40487
40486
40485
40485
40485
40484
40484
40483
40482
40482
40481
40480
40480
40480
40478
40478
40477
40476
40476
40476
40476
40476
40474
40474
40473
40473
40473
40473
40471
40471
40470
40470
40469
40469
40469
40468
40467
40466
40465
40465
40464
40464
40464
40462
40462
40461
40461
40461
40461
40461
40460
40458
40456
40455
40455
40455
40454
40454
40453
40453
40453
40452
40452
40451
40451
40451
40450
40450
40449
40447
40447
40446
40446
40446
40446
40445
40445
40445
40444
40444
40444
40442
40441
40441
40440
40440
40439
40438
40438
40437
40437
40436
40436
40436
40435
40435
40434
40434
40434
40434
40433
40432
40432
40432
40431
40430
40428
40428
40428
40427
40427
40427
40426
40426
40425
40423
40422
40422
40421
40421
40421
40421
40419
40418
40417
40417
40417
40415
40415
40415
40414
40414
40413
40413
40412
40412
40411
40411
40411
40410
40410
40410
40407
40407
40406
40405
40405
40403
40403
40402
40402
40401
40400
40400
40399
40398
40398
40397
40397
40397
40397
40397
40395
40395
40395
40395
40394
40393
40393
40393
40393
40392
40392
40391
40391
40391
