p=4064
4529
4523
4522
4500
4493
4493
4489
4487
4486
4485
4484
4483
4482
4482
4482
4480
4480
4478
4477
4476
4476
4476
4475
4475
4474
4474
4472
4472
4472
4467
4465
4463
4462
4461
4460
4460
4460
4460
4458
4458
4457
4457
4454
4454
4454
4453
4450
4450
4449
4448
4447
4447
4447
4447
4447
4446
4446
4446
4446
4445
4444
4444
4443
4443
4442
4442
4441
4441
4440
4438
4438
4438
4438
4436
4436
4436
4436
4436
4435
4434
4434
4434
4433
4433
4432
4432
4432
4432
4431
4430
4429
4429
4429
4428
4428
4428
4428
4428
4427
4427
4427
4425
4425
4425
4425
4424
4424
4423
4422
4422
4421
4419
4418
4418
4417
4417
4416
4416
4415
4415
4415
4414
4414
4414
4414
4412
4411
4411
4410
4409
4409
4409
4408
4407
4406
4406
4406
4406
4405
4405
4405
4405
4404
4404
4404
4404
4402
4402
4401
4400
4400
4399
4399
4399
4397
4397
4394
4394
4393
4393
4392
4392
4391
4390
4390
4390
4389
4389
4388
4388
4386
4385
4385
4385
4385
4384
4384
4384
4383
4383
4380
4380
4380
4380
4379
4379
4379
4378
4376
4376
4376
4376
4374
4374
4374
4374
4373
4373
4372
4371
4371
4370
4370
4369
4369
4368
4367
4367
4367
4367
4366
4366
4365
4364
4364
4364
4363
4363
4361
4361
4361
4361
4360
4360
4360
4359
4358
4358
4356
4356
4356
4355
4355
4355
4355
4354
4354
4352
4351
4351
4351
4350
4349
4349
4348
4348
4348
4346
4345
4345
4344
4344
4344
4344
4344
4342
4342
4342
4342
4342
4342
4341
4340
4340
4340
4339
4338
4338
4337
4336
4336
4336
4335
4335
4335
4334
4334
4332
4332
4331
4330
4329
4329
4329
4328
4328
4328
4328
4326
4326
4326
4325
4324
4323
4323
4323
4322
4321
4321
4321
4321
4320
4320
4320
4319
4319
4319
4318
4316
4316
4315
4315
4315
4314
4314
4313
4313
4313
4313
4313
4313
4313
4312
4312
4312
4311
4311
4311
4310
4310
4310
4310
4310
4309
4309
4307
4307
4307
4306
4306
4306
4305
4305
4305
4305
4305
4304
4303
4303
4303
4303
4302
4302
4301
4301
4301
4301
4300
4299
4299
4299
4298
4296
4296
4295
4293
4292
4291
4291
4290
4290
4289
4289
4289
4287
4286
4285
4285
4285
4283
4282
4282
4282
4281
4281
4281
4281
4280
4280
4280
4279
4279
4279
4279
4278
4278
4276
4276
4275
4274
4274
4274
4273
4273
4272
4272
4272
4272
4271
4271
4270
4270
4269
4269
4269
4268
4267
4266
4265
4264
4264
4263
4262
4262
4261
4261
4261
4260
4260
4259
4259
4259
4258
4257
4257
4257
4257
4256
4253
4252
4251
4251
4249
4247
4246
4246
4245
4245
4244
4244
4243
4241
4240
4240
4240
4240
4240
4239
4234
4234
4233
4233
4233
4233
4232
4231
4231
4230
4229
4229
4228
4228
4227
4227
4227
4226
4226
4226
4224
4223
4223
4222
4222
4222
4221
4220
4218
4218
4218
4217
4216
4216
4215
4214
4214
4214
4214
4214
4214
4213
4212
4212
4211
4211
4210
4210
4209
4209
4209
4208
4208
4207
4207
4206
4206
4206
4205
4205
4205
4205
4204
4204
4204
4203
4203
4203
4203
4202
4202
4202
4202
4201
4201
4200
4199
4199
4199
4199
4199
4199
4198
4198
4197
4197
4197
4197
4197
4196
4195
4195
4195
4195
4194
4194
4193
4192
4192
4191
4191
4191
4191
4190
4190
4190
4190
4189
4188
4188
4186
4186
4185
4184
4184
4184
4184
4184
4183
4183
4183
4183
4182
4180
4180
4180
4179
4179
4179
4179
4178
4178
4178
4178
4177
4176
4176
4176
4174
4174
4174
4173
4173
4172
4172
4172
4171
4169
4168
4168
4168
4168
4168
4168
4168
4167
4165
4165
4164
4164
4164
4163
4161
4161
4157
4156
4156
4155
4155
4155
4154
4154
4153
4152
4152
4151
4150
4150
4149
4147
4147
4146
4146
4146
4146
4145
4145
4145
4144
4144
4143
4143
4142
4141
4140
4138
4136
4136
4135
4135
4134
4134
4134
4134
4133
4133
4133
4133
4130
4130
4130
4129
4128
4128
4127
4125
4125
4125
4125
4125
4124
4124
4124
4123
4123
4122
4122
4120
4120
4120
4119
4118
4118
4118
4118
4118
4118
4118
4117
4117
4117
4117
4116
4116
4115
4115
4115
4114
4113
4112
4112
4111
4111
4110
4109
4109
4109
4108
4107
4107
4105
4105
4104
4104
4103
4101
4100
4099
4099
4099
4098
4098
4098
4097
4096
4095
4095
4094
4094
4093
4093
4093
4093
4091
4091
4090
4090
4089
4088
4087
4087
4086
4085
4085
4084
4084
4084
4084
4083
4083
4083
4082
4081
4081
4081
4081
4081
4081
4080
4080
4079
4079
4078
4078
4077
4077
4077
4076
4075
4074
4074
4073
4073
4073
4072
4072
4070
4070
4070
4070
4070
4070
4070
4069
4069
4068
4067
4067
4066
4066
4065
4065
4065
