p=4842
4986
4956
4954
4951
4949
4949
4948
4948
4947
4945
4945
4945
4944
4944
4943
4943
4942
4940
4940
4939
4939
4939
4939
4939
4938
4937
4937
4936
4936
4935
4935
4935
4934
4934
4932
4931
4930
4930
4929
4929
4929
4928
4927
4927
4926
4926
4926
4926
4925
4925
4924
4924
4923
4922
4921
4920
4920
4919
4919
4918
4918
4918
4917
4917
4917
4917
4915
4914
4913
4911
4911
4911
4911
4911
4911
4910
4910
4910
4910
4910
4909
4908
4908
4908
4908
4908
4907
4907
4904
4904
4903
4902
4901
4901
4900
4900
4900
4900
4899
4899
4898
4897
4897
4897
4897
4897
4896
4895
4895
4894
4894
4893
4893
4893
4892
4891
4891
4891
4890
4890
4890
4889
4889
4888
4888
4888
4885
4885
4884
4884
4883
4883
4883
4882
4882
4881
4881
4880
4879
4878
4878
4878
4878
4877
4877
4876
4875
4874
4874
4873
4872
4872
4872
4871
4871
4870
4870
4870
4869
4868
4867
4867
4866
4866
4866
4866
4866
4865
4865
4865
4865
4865
4865
4864
4863
4862
4862
4862
4861
4861
4860
4860
4860
4858
4858
4858
4857
4857
4856
4856
4856
4855
4855
4855
4854
4854
4854
4853
4852
4850
4850
4850
4850
4849
4848
4848
4847
4847
4847
4847
4846
4846
4846
4846
4845
4844
4844
4844
4843
4843
