p=375
496
495
495
492
492
492
490
489
489
488
487
487
487
486
486
486
484
483
483
482
481
480
480
480
479
478
476
475
475
475
475
473
473
473
473
473
473
472
472
471
470
469
467
467
466
466
466
465
465
465
465
465
465
465
465
461
461
461
460
460
459
459
457
456
456
455
455
453
453
453
452
452
451
451
450
449
449
447
447
447
446
446
446
445
444
444
443
443
443
442
442
442
441
440
440
439
438
437
437
437
437
435
435
435
435
434
434
433
432
432
432
432
431
431
431
431
430
429
429
427
427
427
426
424
423
422
422
421
421
421
421
420
420
419
419
418
418
417
414
414
413
413
411
411
410
410
409
409
409
408
407
407
407
405
405
404
403
403
403
402
402
402
402
401
400
399
399
399
398
398
397
397
397
397
395
395
394
394
394
393
393
393
392
391
391
391
390
390
389
389
388
388
387
386
386
385
385
385
383
382
382
382
382
380
380
380
380
380
378
378
377
376
376
