 _________________________________________________
|     N     |     K     | Add/Remove |    Find    |
 _________________________________________________
|    100    |     5     |  0.00106   |  0.00079   |
 _________________________________________________
|    100    |    10     |  0.00090   |  0.00015   |
 _________________________________________________
|    100    |    33     |  0.00101   |  0.00019   |
 _________________________________________________
|    100    |    101    |  0.00116   |  0.00017   |
 _________________________________________________
|    100    |    333    |  0.00120   |  0.00017   |
 _________________________________________________
|    100    |   1001    |  0.00079   |  0.00016   |
 _________________________________________________
|   1000    |     3     |  0.00485   |  0.00201   |
 _________________________________________________
|   1000    |     5     |  0.00396   |  0.00350   |
 _________________________________________________
|   1000    |    10     |  0.01052   |  0.00187   |
 _________________________________________________
|   1000    |    33     |  0.00689   |  0.00202   |
 _________________________________________________
|   1000    |    101    |  0.03910   |  0.00269   |
 _________________________________________________
|   1000    |    333    |  0.10816   |  0.01548   |
 _________________________________________________
|   1000    |   1001    |  0.12023   |  0.00534   |
 _________________________________________________
|   10000   |     3     |  0.05601   |  0.03547   |
 _________________________________________________
|   10000   |     5     |  0.06379   |  0.03180   |
 _________________________________________________
|   10000   |    10     |  0.06945   |  0.02738   |
 _________________________________________________
|   10000   |    33     |  0.14009   |  0.03420   |
 _________________________________________________
|   10000   |    101    |  0.32784   |  0.06469   |
 _________________________________________________
|   10000   |    333    |  0.97149   |  0.08735   |
 _________________________________________________
|   10000   |   1001    |  2.57279   |  0.22785   |
 _________________________________________________
|  100000   |     3     |  0.72283   |  0.36179   |
 _________________________________________________
|  100000   |     5     |  0.81248   |  0.34052   |
 _________________________________________________
|  100000   |    10     |  0.83162   |  0.37346   |
 _________________________________________________
|  100000   |    33     |  1.67337   |  0.54004   |
 _________________________________________________
|  100000   |    101    |  3.06810   |  0.57487   |
 _________________________________________________
|  100000   |    333    |  9.56278   |  1.85409   |
 _________________________________________________
|  100000   |   1001    |  27.5283   |  2.27679   |
 _________________________________________________
|  1000000  |     3     |  8.80177   |  4.26334   |
 _________________________________________________
|  1000000  |     5     |  10.4672   |  3.94709   |
 _________________________________________________
|  1000000  |    10     |  11.6289   |  4.12788   |
 _________________________________________________
|  1000000  |    33     |  17.7443   |  4.94898   |
 _________________________________________________
|  1000000  |    101    |  36.5897   |  7.71933   |
 _________________________________________________
|  1000000  |    333    |  125.877   |  16.9144   |
 _________________________________________________
|  1000000  |   1001    |  322.590   |  39.5145   |
